 &wm
   mdlwmf=1
   modelg=5
   modeln=8
   knameq='eqdata.topics'
   rf=53
   nth0=0
   nrmax=100
   nthmax=16
   prfin=2.e7
   NSMAX  =     5,
   modelp=15,15,15,15,15
   PA(2)  =   2.000000    ,  3.000000    ,  4.000000    ,  9.000000    ,
   PZ(2)  =   1.000000    ,  1.000000    ,  2.000000    ,  4.000000    ,
   PNS    =  0.3046223    , 0.1299748    , 0.1299748    , 0.1065793E-01, 0.5839236E-02,
   PTS    =  0.2031795    , 0.2031795    , 0.2031795    , 0.2041954    , 0.2031795    ,
   ZEFF   =   1.690000    ,
   MNPHMAX = 3
   MNPH0   = 12, 25, 41
   PFRAC   = 0.1676, 0.5813, 0.2511
   MDLWMD  = 1
 &end
