0
f
gs/wf.test03.gs
c
MODELG=2
RR=0.64
RB=0.48
RA=0.4
RD=0.45
BB=0.25
NPH=0
nsmax=5
PA=5.4462e-4,5.4462e-4,1.0,1.0
PZ=-1.0,-1.0,1.0,1.0
PN=0.015,0.003,0.015,0.003
PNS=0.0003,0.000003,0.0003,0.000003
PTPR=0.3,50,0.3,0.3
PTPP=0.3,50,0.3,0.3
PTS=0.01,1,0.01,0.01
PZCL=1.0d-3,1.D-3,1.D-3,1.D-3,1.D-3
PROFN1=2,8,2,8
PROFN2=1,1,1,1
PROFT1=2,8,2,8
PROFT2=1,1,1,1
NCMIN=-2,-2,-1,-1
NCMAX= 2, 2, 1, 1
RF=8560.D0
NPH=10
modelwg=6
ampwg=1.D0
th_wg_min=-40.D0
th_wg_max= 40.D0
phase_wg_min=0.D0
phase_wg_cen=0.D0
phase_wg_max=0.D0
gauss_wg=2.D0
idebuga(41)=1
NDRAWA=2
NDRAWE=1
NGRAPH=1
NGXMAX=601
NGYMAX=601
AJ(1)=0.D0
MDAMP=5
THDAMP_MIN=-35.D0
THDAMP_MAX=  5.D0
WDAMP=0.05D0
FDAM=10.D0
ndrawd=1
v
d
d
c
0.48
0.005
g
x
a
a
1
a
-5.0,-20.1,0.45,41
g
x
r
g
ME
P1C P2C P3C P4C P5C ERA EZA EPA
ERY0.8 ERY0.9 ERY1.0 ERY1.1 EZY0.8 EZY0.9 EZY1.0 EZY1.1 EPY0.8 EPY0.9 EPY1.0 EPY1.1
x
q
