&OB
  RR=6.2
  RA=2.0
  RKAP=1.7
  RDLT=0.33
  RB=2.1
  BB=5.3
  RIP=15

  nobt_max=1
  ns_ob=2

  penergy_ob_in(1)=   80000.d0
  pcangle_ob_in(1)=   0.51978d0
  zeta_ob_in(1)=   0.0000000000000000
  psipn_ob_in(1)=   0.51223636084968238
  theta_ob_in(1)=   0.0000000000000000
  
  tmax_ob=10.D1
  delt_ob=0.1D-1
  mdlobw=2
  mdlobc=1
  idebug=0
&end
